--- Quick Sort ---
Tempo	Comparacao	Troca	Chamadas
10	509	316		113
55	4296	2119		607
117	10294	4299		1307
642	68475	31715		8271
1243	170986	58629		18053
9718	1862829	364860		98001
378352	131416553	3441768		998001
5431777	512372673	6983493		1998001

9	565	302		115
57	4511	2079		569
91	9506	5388		1137
709	63203	28682		5709
6831	803240	402614		57189
92802	1756707	795787		114395
101286	10150303	4954561		571389
198954	21222737	9465874		1143011

8	1148	222		117
98	26581	1121		583
279	105248	2247		1167
6671	2609581	11246		5833
659250	260470831	112496		58333
2607088	1041774998	224997		116667
122969630	26042208331	1124996		583333
85967	24136242	1333138		1333139

8	629	336		121
34	4583	2381		659
88	10812	4834		1345
363	73871	28631		6647
4575	925837	345780		66659
10082	1974277	760166		133289
53209	11674405	4716362		666207
115938	24173903	9529681		1333365
